khuc dinh thang
22
r0c0-r0c0-r12c12-r09c09-r5c5-r6c17-r14c4-Mr2c3-Mr2c10-Mr8c7-Mr8c2-r09c6-r09c7-r09c5-r8c1-r7c1-r6c1-r2c2-r1c2-r1c3-r2c1-r3c1-r0c2-
20
20
50
2 7 26 28 33 39 40 43 50 73 92 93 94 101 111 113 118 131 132 151 157 159 162 167 184 188 204 210 217 236 239 243 245 249 264 272 274 291 296 297 304 305 309 319 343 361 366 386 391 394 
thang dep zei
12
r5c5-r0c3-Mr6c5-Mr0c6-r7c3-Rr0c6-Mr0c6-r0c0-Mr09c6-r8c5-r09c5-r09c4-r09c6-
10
10
10
1 6 21 31 41 50 63 65 72 96 
khuc 
11
r0c0-r0c19-r09c09-r6c5-r8c15-r14c14-Mr18c17-Mr15c18-r16c18-r17c18-r18c18-r19c16-
20
20
50
6 11 18 35 39 40 46 63 71 75 76 77 84 86 104 107 111 113 120 132 141 148 156 168 179 190 199 210 219 232 234 236 252 259 270 282 292 301 318 332 340 341 343 363 367 377 381 392 395 396 
khuc
10
r0c0-r0c19-r6c6-r7c7-r09c09-r09c3-r0c4-r0c3-r16c16-r13c2-r4c15-
20
20
50
12 18 20 21 29 47 62 76 79 94 95 103 104 108 109 112 127 129 133 138 142 144 154 156 164 168 176 177 178 191 197 210 231 232 244 253 257 285 286 294 297 311 319 326 346 352 369 376 392 394 
khuc
5
r00c01-r00c07-r04c09-r00c00-r00c01-r00c04-
10
10
10
4 25 27 28 35 43 47 55 70 72 
thang 20
4
r0c2-r0c8-r5c5-r12c12-r10c10-
20
20
50
13 18 22 23 29 35 60 66 73 74 87 89 96 99 101 106 122 124 130 133 139 140 142 143 149 176 179 182 203 209 210 229 234 237 242 245 276 289 312 319 330 335 342 345 356 357 372 376 384 388 
khuc
4
r0c0-r0c19-r0c8-r09c09-r7c7-
20
20
50
2 6 28 37 38 42 43 46 51 57 68 72 88 95 96 103 107 121 127 134 141 147 149 163 169 179 185 194 196 204 208 218 223 228 233 249 257 258 260 278 279 282 316 319 321 347 353 379 390 398 
thang
4
r0c0-Mr2c7-r15c8-Mr3c6-r09c19-
20
20
50
12 47 60 66 68 69 96 100 108 118 130 134 138 145 147 149 154 156 176 183 189 199 208 211 222 236 247 252 257 259 264 268 283 294 305 315 317 319 325 328 334 343 349 350 356 359 366 383 384 393 
khuc
4
r0c0-r0c19-r13c13-Mr6c6-r7c14-
20
20
50
11 16 17 35 37 44 48 57 79 89 90 100 126 145 147 149 153 154 161 187 202 204 211 215 220 223 226 231 246 254 270 274 275 276 281 283 287 292 301 307 315 330 334 343 357 358 367 374 380 381 
thang khuc
3
r0c2-r6c6-r0c2-r0c0-
10
10
10
0 8 18 23 36 41 48 49 50 84 
